8000 571725949 18033199 4897182 17978188 
8100 584166842 18179805 4939130 18065645 
8200 599485222 18333152 5007931 18337578 
8300 612620694 18638633 5062169 18610356 
8400 628882305 18945423 5163275 18876515 
8500 643457983 19137067 5202638 19090916 
8600 659685996 19350102 5282047 19361440 
8700 673259824 19616325 5367274 19684909 
8800 694297313 20046791 5464721 19966756 
8900 708746216 20221339 5503459 20315208 
9000 726666806 20536622 5623287 20529121 
9100 741949553 20768779 5635468 20770623 
9200 758308421 20967545 5728944 21018744 
9300 773282958 21042269 5778952 21212061 
9400 787070590 21359082 5882247 21490268 
9500 804924051 21737083 5935395 21725725 
9600 821190935 21809827 5995908 21962913 
9700 836067813 22014083 6062855 22058918 
9800 851215181 22210282 6067839 22302579 
9900 869660447 22498096 6160043 22588810 
10000 884653179 22610213 6197311 22764234 